17
137
182
87
170
130
193
143
105
223
234
231
153
114
13
66
131
74
62
31
80
61
58
225
89
30
81
144
112
37
34
243
206
71
194
98
195
173
113
156
86
136
215
60
239
254
165
198
181
158
110
202
73
174
0
120
36
121
115
63
50
126
185
64
229
172
190
55
1
184
258
146
224
9
46
164
238
12
85
127
103
76
48
179
90
52
175
42
40
18
226
211
44
192
15
257
222
41
123
160
54
180
75
187
95
167
207
251
219
8
201
188
210
248
197
79
154
125
35
102
10
88
209
16
67
189
250
100
163
152
106
19
2
49
177
232
133
235
94
119
91
176
21
29
122
104
26
23
221
205
244
213
24
84
83
157
59
138
6
108
7
142
32
99
151
111
233
214
53
4
255
259
200
107
101
135
161
249
109
92
149
45
39
116
247
27
56
246
139
117
236
230
47
252
51
5
169
70
186
20
78
237
129
97
171
241
96
28
68
147
72
162
203
148
208
217
191
183
118
65
196
128
124
204
178
159
141
25
43
22
240
228
216
242
11
38
155
145
140
77
166
69
3
82
245
212
199
218
168
33
132
253
134
256
14
220
93
150
57
227
